close all;
x=linspace(-1,1,1000);
fx=[
0.449329 ;
0.450223 ;
0.451118 ;
0.452016 ;
0.452915 ;
0.453817 ;
0.454720 ;
0.455626 ;
0.456533 ;
0.457442 ;
0.458354 ;
0.459267 ;
0.460182 ;
0.461100 ;
0.462019 ;
0.462941 ;
0.463864 ;
0.464789 ;
0.465717 ;
0.466646 ;
0.467577 ;
0.468511 ;
0.469446 ;
0.470384 ;
0.471323 ;
0.472265 ;
0.473208 ;
0.474154 ;
0.475101 ;
0.476051 ;
0.477003 ;
0.477956 ;
0.478912 ;
0.479870 ;
0.480829 ;
0.481791 ;
0.482755 ;
0.483721 ;
0.484689 ;
0.485659 ;
0.486631 ;
0.487605 ;
0.488582 ;
0.489560 ;
0.490540 ;
0.491523 ;
0.492507 ;
0.493494 ;
0.494482 ;
0.495473 ;
0.496466 ;
0.497461 ;
0.498458 ;
0.499457 ;
0.500458 ;
0.501461 ;
0.502467 ;
0.503474 ;
0.504484 ;
0.505495 ;
0.506509 ;
0.507525 ;
0.508543 ;
0.509563 ;
0.510585 ;
0.511609 ;
0.512636 ;
0.513664 ;
0.514695 ;
0.515728 ;
0.516763 ;
0.517800 ;
0.518839 ;
0.519880 ;
0.520924 ;
0.521969 ;
0.523017 ;
0.524067 ;
0.525119 ;
0.526173 ;
0.527229 ;
0.528288 ;
0.529349 ;
0.530411 ;
0.531476 ;
0.532544 ;
0.533613 ;
0.534684 ;
0.535758 ;
0.536834 ;
0.537912 ;
0.538992 ;
0.540074 ;
0.541159 ;
0.542245 ;
0.543334 ;
0.544425 ;
0.545519 ;
0.546614 ;
0.547712 ;
0.548812 ;
0.549914 ;
0.551018 ;
0.552124 ;
0.553233 ;
0.554344 ;
0.555457 ;
0.556572 ;
0.557690 ;
0.558810 ;
0.559932 ;
0.561056 ;
0.562182 ;
0.563311 ;
0.564442 ;
0.565575 ;
0.566711 ;
0.567848 ;
0.568988 ;
0.570130 ;
0.571275 ;
0.572421 ;
0.573570 ;
0.574721 ;
0.575874 ;
0.577030 ;
0.578188 ;
0.579348 ;
0.580511 ;
0.581675 ;
0.582842 ;
0.584011 ;
0.585183 ;
0.586357 ;
0.587533 ;
0.588711 ;
0.589892 ;
0.591075 ;
0.592260 ;
0.593448 ;
0.594637 ;
0.595829 ;
0.597024 ;
0.598221 ;
0.599420 ;
0.600621 ;
0.601825 ;
0.603031 ;
0.604239 ;
0.605449 ;
0.606662 ;
0.607878 ;
0.609095 ;
0.610315 ;
0.611537 ;
0.612762 ;
0.613989 ;
0.615218 ;
0.616449 ;
0.617683 ;
0.618920 ;
0.620158 ;
0.621399 ;
0.622642 ;
0.623888 ;
0.625136 ;
0.626386 ;
0.627639 ;
0.628894 ;
0.630152 ;
0.631411 ;
0.632674 ;
0.633938 ;
0.635205 ;
0.636475 ;
0.637746 ;
0.639020 ;
0.640297 ;
0.641576 ;
0.642857 ;
0.644141 ;
0.645427 ;
0.646715 ;
0.648006 ;
0.649299 ;
0.650595 ;
0.651893 ;
0.653193 ;
0.654496 ;
0.655802 ;
0.657109 ;
0.658419 ;
0.659732 ;
0.661047 ;
0.662364 ;
0.663684 ;
0.665007 ;
0.666331 ;
0.667658 ;
0.668988 ;
0.670320 ;
0.671655 ;
0.672991 ;
0.674331 ;
0.675673 ;
0.677017 ;
0.678364 ;
0.679713 ;
0.681065 ;
0.682419 ;
0.683775 ;
0.685134 ;
0.686496 ;
0.687860 ;
0.689227 ;
0.690596 ;
0.691967 ;
0.693341 ;
0.694717 ;
0.696096 ;
0.697478 ;
0.698862 ;
0.700248 ;
0.701637 ;
0.703029 ;
0.704422 ;
0.705819 ;
0.707218 ;
0.708619 ;
0.710023 ;
0.711430 ;
0.712839 ;
0.714250 ;
0.715664 ;
0.717081 ;
0.718500 ;
0.719922 ;
0.721346 ;
0.722773 ;
0.724202 ;
0.725634 ;
0.727068 ;
0.728505 ;
0.729945 ;
0.731387 ;
0.732831 ;
0.734278 ;
0.735728 ;
0.737180 ;
0.738635 ;
0.740092 ;
0.741552 ;
0.743015 ;
0.744480 ;
0.745948 ;
0.747418 ;
0.748891 ;
0.750366 ;
0.751844 ;
0.753325 ;
0.754808 ;
0.756294 ;
0.757782 ;
0.759273 ;
0.760767 ;
0.762263 ;
0.763762 ;
0.765263 ;
0.766767 ;
0.768274 ;
0.769783 ;
0.771295 ;
0.772810 ;
0.774327 ;
0.775847 ;
0.777369 ;
0.778894 ;
0.780422 ;
0.781952 ;
0.783485 ;
0.785021 ;
0.786559 ;
0.788100 ;
0.789644 ;
0.791190 ;
0.792739 ;
0.794290 ;
0.795844 ;
0.797401 ;
0.798961 ;
0.800523 ;
0.802088 ;
0.803655 ;
0.805226 ;
0.806799 ;
0.808374 ;
0.809952 ;
0.811533 ;
0.813117 ;
0.814703 ;
0.816292 ;
0.817884 ;
0.819479 ;
0.821076 ;
0.822676 ;
0.824278 ;
0.825884 ;
0.827492 ;
0.829102 ;
0.830716 ;
0.832332 ;
0.833951 ;
0.835572 ;
0.837197 ;
0.838824 ;
0.840453 ;
0.842086 ;
0.843721 ;
0.845359 ;
0.847000 ;
0.848644 ;
0.850290 ;
0.851939 ;
0.853591 ;
0.855245 ;
0.856902 ;
0.858562 ;
0.860225 ;
0.861891 ;
0.863559 ;
0.865230 ;
0.866904 ;
0.868581 ;
0.870260 ;
0.871943 ;
0.873628 ;
0.875315 ;
0.877006 ;
0.878699 ;
0.880396 ;
0.882095 ;
0.883796 ;
0.885501 ;
0.887208 ;
0.888919 ;
0.890632 ;
0.892348 ;
0.894066 ;
0.895788 ;
0.897512 ;
0.899239 ;
0.900969 ;
0.902702 ;
0.904438 ;
0.906176 ;
0.907917 ;
0.909662 ;
0.911409 ;
0.913158 ;
0.914911 ;
0.916667 ;
0.918425 ;
0.920186 ;
0.921950 ;
0.923717 ;
0.925487 ;
0.927260 ;
0.929036 ;
0.930814 ;
0.932595 ;
0.934380 ;
0.936167 ;
0.937957 ;
0.939749 ;
0.941545 ;
0.943344 ;
0.945145 ;
0.946950 ;
0.948757 ;
0.950567 ;
0.952380 ;
0.954196 ;
0.956015 ;
0.957837 ;
0.959662 ;
0.961490 ;
0.963320 ;
0.965154 ;
0.966990 ;
0.968830 ;
0.970672 ;
0.972517 ;
0.974366 ;
0.976217 ;
0.978071 ;
0.979928 ;
0.981788 ;
0.983651 ;
0.985517 ;
0.987385 ;
0.989257 ;
0.991132 ;
0.993010 ;
0.994890 ;
0.996774 ;
0.998661 ;
1.000550 ;
1.002443 ;
1.004338 ;
1.006237 ;
1.008138 ;
1.010043 ;
1.011950 ;
1.013861 ;
1.015774 ;
1.017691 ;
1.019610 ;
1.021533 ;
1.023458 ;
1.025387 ;
1.027318 ;
1.029253 ;
1.031190 ;
1.033131 ;
1.035074 ;
1.037021 ;
1.038970 ;
1.040923 ;
1.042879 ;
1.044837 ;
1.046799 ;
1.048764 ;
1.050732 ;
1.052703 ;
1.054677 ;
1.056654 ;
1.058634 ;
1.060617 ;
1.062603 ;
1.064592 ;
1.066584 ;
1.068580 ;
1.070578 ;
1.072580 ;
1.074584 ;
1.076592 ;
1.078603 ;
1.080617 ;
1.082633 ;
1.084653 ;
1.086677 ;
1.088703 ;
1.090732 ;
1.092764 ;
1.094800 ;
1.096838 ;
1.098880 ;
1.100925 ;
1.102973 ;
1.105024 ;
1.107078 ;
1.109135 ;
1.111196 ;
1.113259 ;
1.115326 ;
1.117396 ;
1.119469 ;
1.121545 ;
1.123624 ;
1.125706 ;
1.127792 ;
1.129880 ;
1.131972 ;
1.134067 ;
1.136165 ;
1.138266 ;
1.140371 ;
1.142478 ;
1.144589 ;
1.146703 ;
1.148820 ;
1.150941 ;
1.153064 ;
1.155191 ;
1.157321 ;
1.159454 ;
1.161590 ;
1.163729 ;
1.165872 ;
1.168018 ;
1.170167 ;
1.172319 ;
1.174474 ;
1.176633 ;
1.178795 ;
1.180960 ;
1.183128 ;
1.185299 ;
1.187474 ;
1.189652 ;
1.191833 ;
1.194018 ;
1.196205 ;
1.198396 ;
1.200590 ;
1.202788 ;
1.204988 ;
1.207192 ;
1.209399 ;
1.211609 ;
1.213823 ;
1.216040 ;
1.218260 ;
1.220483 ;
1.222710 ;
1.224940 ;
1.227173 ;
1.229410 ;
1.231649 ;
1.233892 ;
1.236139 ;
1.238388 ;
1.240641 ;
1.242897 ;
1.245157 ;
1.247420 ;
1.249686 ;
1.251955 ;
1.254228 ;
1.256504 ;
1.258783 ;
1.261066 ;
1.263352 ;
1.265641 ;
1.267933 ;
1.270229 ;
1.272529 ;
1.274831 ;
1.277137 ;
1.279446 ;
1.281759 ;
1.284075 ;
1.286394 ;
1.288717 ;
1.291043 ;
1.293372 ;
1.295705 ;
1.298041 ;
1.300380 ;
1.302723 ;
1.305069 ;
1.307418 ;
1.309771 ;
1.312128 ;
1.314487 ;
1.316850 ;
1.319217 ;
1.321586 ;
1.323960 ;
1.326336 ;
1.328716 ;
1.331099 ;
1.333486 ;
1.335876 ;
1.338270 ;
1.340667 ;
1.343067 ;
1.345471 ;
1.347878 ;
1.350289 ;
1.352703 ;
1.355121 ;
1.357541 ;
1.359966 ;
1.362394 ;
1.364825 ;
1.367260 ;
1.369698 ;
1.372139 ;
1.374584 ;
1.377033 ;
1.379485 ;
1.381940 ;
1.384399 ;
1.386861 ;
1.389327 ;
1.391796 ;
1.394269 ;
1.396745 ;
1.399225 ;
1.401708 ;
1.404194 ;
1.406685 ;
1.409178 ;
1.411675 ;
1.414176 ;
1.416680 ;
1.419187 ;
1.421699 ;
1.424213 ;
1.426731 ;
1.429253 ;
1.431778 ;
1.434307 ;
1.436839 ;
1.439374 ;
1.441914 ;
1.444456 ;
1.447003 ;
1.449553 ;
1.452106 ;
1.454663 ;
1.457223 ;
1.459787 ;
1.462355 ;
1.464926 ;
1.467500 ;
1.470079 ;
1.472660 ;
1.475246 ;
1.477835 ;
1.480427 ;
1.483023 ;
1.485623 ;
1.488226 ;
1.490833 ;
1.493443 ;
1.496057 ;
1.498674 ;
1.501295 ;
1.503920 ;
1.506548 ;
1.509180 ;
1.511816 ;
1.514455 ;
1.517098 ;
1.519744 ;
1.522394 ;
1.525047 ;
1.527705 ;
1.530365 ;
1.533030 ;
1.535698 ;
1.538370 ;
1.541045 ;
1.543724 ;
1.546406 ;
1.549093 ;
1.551783 ;
1.554476 ;
1.557173 ;
1.559874 ;
1.562579 ;
1.565287 ;
1.567999 ;
1.570714 ;
1.573433 ;
1.576156 ;
1.578883 ;
1.581613 ;
1.584347 ;
1.587084 ;
1.589826 ;
1.592571 ;
1.595319 ;
1.598072 ;
1.600828 ;
1.603587 ;
1.606351 ;
1.609118 ;
1.611889 ;
1.614663 ;
1.617442 ;
1.620224 ;
1.623009 ;
1.625799 ;
1.628592 ;
1.631389 ;
1.634190 ;
1.636994 ;
1.639802 ;
1.642614 ;
1.645430 ;
1.648249 ;
1.651072 ;
1.653899 ;
1.656730 ;
1.659564 ;
1.662402 ;
1.665244 ;
1.668090 ;
1.670939 ;
1.673792 ;
1.676649 ;
1.679510 ;
1.682375 ;
1.685243 ;
1.688115 ;
1.690991 ;
1.693871 ;
1.696754 ;
1.699642 ;
1.702533 ;
1.705428 ;
1.708327 ;
1.711229 ;
1.714136 ;
1.717046 ;
1.719960 ;
1.722878 ;
1.725799 ;
1.728725 ;
1.731654 ;
1.734587 ;
1.737524 ;
1.740465 ;
1.743410 ;
1.746359 ;
1.749311 ;
1.752267 ;
1.755227 ;
1.758191 ;
1.761159 ;
